1 0.00579 1.394357
2 0.00457 1.361316
3 0.00521 1.399026
4 0.00496 1.365479
5 0.00491 1.373799
6 0.00571 1.400968
7 0.00527 1.410892
8 0.00484 1.413796
9 0.00501 1.381015
10 0.00522 1.378209
11 0.00404 1.348313
12 0.00456 1.347338
13 0.00439 1.374740
14 0.00417 1.342271
15 0.00545 1.427743
16 0.00450 1.472818
17 0.00420 1.347360
18 0.00479 1.369183
19 0.00489 1.381701
20 0.00428 1.374468
21 0.00514 1.407523
22 0.00484 1.399913
23 0.00433 1.358175
24 0.00554 1.458852
25 0.00516 1.430663
26 0.00524 1.415984
